(kicad_pcb (version 20171130) (host pcbnew "(5.1.10)-1")

  (general
    (thickness 1.6)
    (drawings 30)
    (tracks 1207)
    (zones 0)
    (modules 105)
    (nets 111)
  )

  (page A4)
  (layers
    (0 F.Cu signal)
    (31 B.Cu signal)
    (32 B.Adhes user)
    (33 F.Adhes user)
    (34 B.Paste user)
    (35 F.Paste user)
    (36 B.SilkS user)
    (37 F.SilkS user)
    (38 B.Mask user)
    (39 F.Mask user)
    (40 Dwgs.User user hide)
    (41 Cmts.User user)
    (42 Eco1.User user)
    (43 Eco2.User user)
    (44 Edge.Cuts user)
    (45 Margin user)
    (46 B.CrtYd user)
    (47 F.CrtYd user)
    (48 B.Fab user hide)
    (49 F.Fab user hide)
  )

  (setup
    (last_trace_width 0.3048)
    (user_trace_width 0.3048)
    (trace_clearance 0.2)
    (zone_clearance 0.508)
    (zone_45_only no)
    (trace_min 0.2)
    (via_size 0.8)
    (via_drill 0.4)
    (via_min_size 0.4)
    (via_min_drill 0.3)
    (uvia_size 0.3)
    (uvia_drill 0.1)
    (uvias_allowed no)
    (uvia_min_size 0.2)
    (uvia_min_drill 0.1)
    (edge_width 0.05)
    (segment_width 0.2)
    (pcb_text_width 0.3)
    (pcb_text_size 1.5 1.5)
    (mod_edge_width 0.12)
    (mod_text_size 1 1)
    (mod_text_width 0.15)
    (pad_size 2 2)
    (pad_drill 1)
    (pad_to_mask_clearance 0.05)
    (aux_axis_origin 0 0)
    (visible_elements 7FFFFFFF)
    (pcbplotparams
      (layerselection 0x010fc_ffffffff)
      (usegerberextensions false)
      (usegerberattributes true)
      (usegerberadvancedattributes true)
      (creategerberjobfile true)
      (excludeedgelayer true)
      (linewidth 0.100000)
      (plotframeref false)
      (viasonmask false)
      (mode 1)
      (useauxorigin false)
      (hpglpennumber 1)
      (hpglpenspeed 20)
      (hpglpendiameter 15.000000)
      (psnegative false)
      (psa4output false)
      (plotreference true)
      (plotvalue true)
      (plotinvisibletext false)
      (padsonsilk false)
      (subtractmaskfromsilk false)
      (outputformat 1)
      (mirror false)
      (drillshape 1)
      (scaleselection 1)
      (outputdirectory ""))
  )

  (net 0 "")
  (net 1 "Net-(C1-Pad1)")
  (net 2 "Net-(C1-Pad2)")
  (net 3 "Net-(C2-Pad2)")
  (net 4 "Net-(C2-Pad1)")
  (net 5 -12VDC)
  (net 6 GND)
  (net 7 +12VDC)
  (net 8 +5V_REG)
  (net 9 "Net-(C9-Pad1)")
  (net 10 "Net-(C10-Pad1)")
  (net 11 "Net-(D1-Pad2)")
  (net 12 "Net-(D2-Pad2)")
  (net 13 READY_DSP1)
  (net 14 "Net-(D3-Pad1)")
  (net 15 READY_DSP2)
  (net 16 "Net-(D4-Pad1)")
  (net 17 "Net-(D5-Pad1)")
  (net 18 "Net-(D6-Pad1)")
  (net 19 "Net-(D7-Pad1)")
  (net 20 "Net-(D8-Pad1)")
  (net 21 "Net-(D9-Pad1)")
  (net 22 "Net-(D10-Pad1)")
  (net 23 "Net-(D11-Pad1)")
  (net 24 "Net-(D12-Pad1)")
  (net 25 "Net-(D13-Pad1)")
  (net 26 SDPWS)
  (net 27 RESERVED_B)
  (net 28 DSP_OUT2-)
  (net 29 VOUT2MON)
  (net 30 IOUT2MON)
  (net 31 DSP_MUTE2)
  (net 32 -VCCMON)
  (net 33 +VCCMON)
  (net 34 TEMPMON12)
  (net 35 PROTECT1)
  (net 36 DSP_OUT1+)
  (net 37 +5VDC)
  (net 38 DSP_OUT2+)
  (net 39 PROTECT2)
  (net 40 DSP_MUTE1)
  (net 41 IOUT1MON)
  (net 42 VOUT1MON)
  (net 43 DSP_OUT1-)
  (net 44 RESERVED_A)
  (net 45 LM_IN1-)
  (net 46 LM_MUTE1)
  (net 47 LM_IN2+)
  (net 48 READY2)
  (net 49 READY1)
  (net 50 LM_IN1+)
  (net 51 LM_MUTE2)
  (net 52 LM_IN2-)
  (net 53 "Net-(R1-Pad2)")
  (net 54 "Net-(R2-Pad2)")
  (net 55 "Net-(R5-Pad1)")
  (net 56 "Net-(R6-Pad1)")
  (net 57 "Net-(R9-Pad2)")
  (net 58 "Net-(R10-Pad2)")
  (net 59 "Net-(R11-Pad2)")
  (net 60 "Net-(R12-Pad2)")
  (net 61 "Net-(R13-Pad2)")
  (net 62 "Net-(R14-Pad2)")
  (net 63 "Net-(R15-Pad2)")
  (net 64 "Net-(R16-Pad2)")
  (net 65 "Net-(R17-Pad2)")
  (net 66 "Net-(R18-Pad2)")
  (net 67 "Net-(R19-Pad2)")
  (net 68 "Net-(R20-Pad2)")
  (net 69 "Net-(R21-Pad2)")
  (net 70 "Net-(R22-Pad2)")
  (net 71 "Net-(R30-Pad2)")
  (net 72 "Net-(R33-Pad2)")
  (net 73 "Net-(R34-Pad2)")
  (net 74 "Net-(R35-Pad2)")
  (net 75 "Net-(R36-Pad2)")
  (net 76 "Net-(R38-Pad2)")
  (net 77 "Net-(R39-Pad2)")
  (net 78 "Net-(R40-Pad2)")
  (net 79 "Net-(R41-Pad2)")
  (net 80 "Net-(R43-Pad2)")
  (net 81 "Net-(R44-Pad2)")
  (net 82 "Net-(R45-Pad2)")
  (net 83 "Net-(R46-Pad2)")
  (net 84 "Net-(R48-Pad2)")
  (net 85 "Net-(R49-Pad2)")
  (net 86 "Net-(R50-Pad2)")
  (net 87 "Net-(R51-Pad2)")
  (net 88 "Net-(U5-Pad4)")
  (net 89 "Net-(U5-Pad6)")
  (net 90 "Net-(U6-Pad2)")
  (net 91 "Net-(U6-Pad5)")
  (net 92 "Net-(U6-Pad12)")
  (net 93 "Net-(U6-Pad9)")
  (net 94 "Net-(U7-Pad13)")
  (net 95 "Net-(U7-Pad12)")
  (net 96 "Net-(U7-Pad11)")
  (net 97 "Net-(U7-Pad10)")
  (net 98 "Net-(U7-Pad9)")
  (net 99 "Net-(U7-Pad8)")
  (net 100 "Net-(U13-Pad12)")
  (net 101 "Net-(U11-Pad2)")
  (net 102 "Net-(U14-Pad2)")
  (net 103 "Net-(U11-Pad1)")
  (net 104 "Net-(U13-Pad1)")
  (net 105 "Net-(U13-Pad11)")
  (net 106 "Net-(U13-Pad5)")
  (net 107 "Net-(R33-Pad1)")
  (net 108 "Net-(R43-Pad1)")
  (net 109 "Net-(RV1-Pad3)")
  (net 110 "Net-(RV2-Pad3)")

  (net_class Default "This is the default net class."
    (clearance 0.2)
    (trace_width 0.25)
    (via_dia 0.8)
    (via_drill 0.4)
    (uvia_dia 0.3)
    (uvia_drill 0.1)
    (add_net +12VDC)
    (add_net +5VDC)
    (add_net +5V_REG)
    (add_net +VCCMON)
    (add_net -12VDC)
    (add_net -VCCMON)
    (add_net DSP_MUTE1)
    (add_net DSP_MUTE2)
    (add_net DSP_OUT1+)
    (add_net DSP_OUT1-)
    (add_net DSP_OUT2+)
    (add_net DSP_OUT2-)
    (add_net GND)
    (add_net IOUT1MON)
    (add_net IOUT2MON)
    (add_net LM_IN1+)
    (add_net LM_IN1-)
    (add_net LM_IN2+)
    (add_net LM_IN2-)
    (add_net LM_MUTE1)
    (add_net LM_MUTE2)
    (add_net "Net-(C1-Pad1)")
    (add_net "Net-(C1-Pad2)")
    (add_net "Net-(C10-Pad1)")
    (add_net "Net-(C2-Pad1)")
    (add_net "Net-(C2-Pad2)")
    (add_net "Net-(C9-Pad1)")
    (add_net "Net-(D1-Pad2)")
    (add_net "Net-(D10-Pad1)")
    (add_net "Net-(D11-Pad1)")
    (add_net "Net-(D12-Pad1)")
    (add_net "Net-(D13-Pad1)")
    (add_net "Net-(D2-Pad2)")
    (add_net "Net-(D3-Pad1)")
    (add_net "Net-(D4-Pad1)")
    (add_net "Net-(D5-Pad1)")
    (add_net "Net-(D6-Pad1)")
    (add_net "Net-(D7-Pad1)")
    (add_net "Net-(D8-Pad1)")
    (add_net "Net-(D9-Pad1)")
    (add_net "Net-(R1-Pad2)")
    (add_net "Net-(R10-Pad2)")
    (add_net "Net-(R11-Pad2)")
    (add_net "Net-(R12-Pad2)")
    (add_net "Net-(R13-Pad2)")
    (add_net "Net-(R14-Pad2)")
    (add_net "Net-(R15-Pad2)")
    (add_net "Net-(R16-Pad2)")
    (add_net "Net-(R17-Pad2)")
    (add_net "Net-(R18-Pad2)")
    (add_net "Net-(R19-Pad2)")
    (add_net "Net-(R2-Pad2)")
    (add_net "Net-(R20-Pad2)")
    (add_net "Net-(R21-Pad2)")
    (add_net "Net-(R22-Pad2)")
    (add_net "Net-(R30-Pad2)")
    (add_net "Net-(R33-Pad1)")
    (add_net "Net-(R33-Pad2)")
    (add_net "Net-(R34-Pad2)")
    (add_net "Net-(R35-Pad2)")
    (add_net "Net-(R36-Pad2)")
    (add_net "Net-(R38-Pad2)")
    (add_net "Net-(R39-Pad2)")
    (add_net "Net-(R40-Pad2)")
    (add_net "Net-(R41-Pad2)")
    (add_net "Net-(R43-Pad1)")
    (add_net "Net-(R43-Pad2)")
    (add_net "Net-(R44-Pad2)")
    (add_net "Net-(R45-Pad2)")
    (add_net "Net-(R46-Pad2)")
    (add_net "Net-(R48-Pad2)")
    (add_net "Net-(R49-Pad2)")
    (add_net "Net-(R5-Pad1)")
    (add_net "Net-(R50-Pad2)")
    (add_net "Net-(R51-Pad2)")
    (add_net "Net-(R6-Pad1)")
    (add_net "Net-(R9-Pad2)")
    (add_net "Net-(RV1-Pad3)")
    (add_net "Net-(RV2-Pad3)")
    (add_net "Net-(U11-Pad1)")
    (add_net "Net-(U11-Pad2)")
    (add_net "Net-(U13-Pad1)")
    (add_net "Net-(U13-Pad11)")
    (add_net "Net-(U13-Pad12)")
    (add_net "Net-(U13-Pad5)")
    (add_net "Net-(U14-Pad2)")
    (add_net "Net-(U5-Pad4)")
    (add_net "Net-(U5-Pad6)")
    (add_net "Net-(U6-Pad12)")
    (add_net "Net-(U6-Pad2)")
    (add_net "Net-(U6-Pad5)")
    (add_net "Net-(U6-Pad9)")
    (add_net "Net-(U7-Pad10)")
    (add_net "Net-(U7-Pad11)")
    (add_net "Net-(U7-Pad12)")
    (add_net "Net-(U7-Pad13)")
    (add_net "Net-(U7-Pad8)")
    (add_net "Net-(U7-Pad9)")
    (add_net PROTECT1)
    (add_net PROTECT2)
    (add_net READY1)
    (add_net READY2)
    (add_net READY_DSP1)
    (add_net READY_DSP2)
    (add_net RESERVED_A)
    (add_net RESERVED_B)
    (add_net SDPWS)
    (add_net TEMPMON12)
    (add_net VOUT1MON)
    (add_net VOUT2MON)
  )

  (module Connector_IDC:IDC-Header_2x17_P2.54mm_Vertical (layer B.Cu) (tedit 5EAC9A07) (tstamp 61637FC6)
    (at 22.1615 20.1803 270)
    (descr "Through hole IDC box header, 2x17, 2.54mm pitch, DIN 41651 / IEC 60603-13, double rows, https://docs.google.com/spreadsheets/d/16SsEcesNF15N3Lb4niX7dcUr-NY5_MFPQhobNuNppn4/edit#gid=0")
    (tags "Through hole vertical IDC box header THT 2x17 2.54mm double row")
    (path /5FC519A3)
    (fp_text reference J1 (at 1.27 6.1) (layer Dwgs.User)
      (effects (font (size 1 1) (thickness 0.15)) (justify mirror))
    )
    (fp_text value DSP (at 1.27 -46.74 270) (layer B.Fab)
      (effects (font (size 1 1) (thickness 0.15)) (justify mirror))
    )
    (fp_line (start 6.22 5.6) (end -3.68 5.6) (layer B.CrtYd) (width 0.05))
    (fp_line (start 6.22 -46.24) (end 6.22 5.6) (layer B.CrtYd) (width 0.05))
    (fp_line (start -3.68 -46.24) (end 6.22 -46.24) (layer B.CrtYd) (width 0.05))
    (fp_line (start -3.68 5.6) (end -3.68 -46.24) (layer B.CrtYd) (width 0.05))
    (fp_line (start -4.68 -0.5) (end -3.68 0) (layer B.SilkS) (width 0.12))
    (fp_line (start -4.68 0.5) (end -4.68 -0.5) (layer B.SilkS) (width 0.12))
    (fp_line (start -3.68 0) (end -4.68 0.5) (layer B.SilkS) (width 0.12))
    (fp_line (start -1.98 -22.37) (end -3.29 -22.37) (layer B.SilkS) (width 0.12))
    (fp_line (start -1.98 -22.37) (end -1.98 -22.37) (layer B.SilkS) (width 0.12))
    (fp_line (start -1.98 -44.55) (end -1.98 -22.37) (layer B.SilkS) (width 0.12))
    (fp_line (start 4.52 -44.55) (end -1.98 -44.55) (layer B.SilkS) (width 0.12))
    (fp_line (start 4.52 3.91) (end 4.52 -44.55) (layer B.SilkS) (width 0.12))
    (fp_line (start -1.98 3.91) (end 4.52 3.91) (layer B.SilkS) (width 0.12))
    (fp_line (start -1.98 -18.27) (end -1.98 3.91) (layer B.SilkS) (width 0.12))
    (fp_line (start -3.29 -18.27) (end -1.98 -18.27) (layer B.SilkS) (width 0.12))
    (fp_line (start -3.29 -45.85) (end -3.29 5.21) (layer B.SilkS) (width 0.12))
    (fp_line (start 5.83 -45.85) (end -3.29 -45.85) (layer B.SilkS) (width 0.12))
    (fp_line (start 5.83 5.21) (end 5.83 -45.85) (layer B.SilkS) (width 0.12))
    (fp_line (start -3.29 5.21) (end 5.83 5.21) (layer B.SilkS) (width 0.12))
    (fp_line (start -1.98 -22.37) (end -3.18 -22.37) (layer B.Fab) (width 0.1))
    (fp_line (start -1.98 -22.37) (end -1.98 -22.37) (layer B.Fab) (width 0.1))
    (fp_line (start -1.98 -44.55) (end -1.98 -22.37) (layer B.Fab) (width 0.1))
    (fp_line (start 4.52 -44.55) (end -1.98 -44.55) (layer B.Fab) (width 0.1))
    (fp_line (start 4.52 3.91) (end 4.52 -44.55) (layer B.Fab) (width 0.1))
    (fp_line (start -1.98 3.91) (end 4.52 3.91) (layer B.Fab) (width 0.1))
    (fp_line (start -1.98 -18.27) (end -1.98 3.91) (layer B.Fab) (width 0.1))
    (fp_line (start -3.18 -18.27) (end -1.98 -18.27) (layer B.Fab) (width 0.1))
    (fp_line (start -3.18 -45.74) (end -3.18 4.1) (layer B.Fab) (width 0.1))
    (fp_line (start 5.72 -45.74) (end -3.18 -45.74) (layer B.Fab) (width 0.1))
    (fp_line (start 5.72 5.1) (end 5.72 -45.74) (layer B.Fab) (width 0.1))
    (fp_line (start -2.18 5.1) (end 5.72 5.1) (layer B.Fab) (width 0.1))
    (fp_line (start -3.18 4.1) (end -2.18 5.1) (layer B.Fab) (width 0.1))
    (fp_text user %R (at 1.27 -20.32) (layer B.Fab)
      (effects (font (size 1 1) (thickness 0.15)) (justify mirror))
    )
    (pad 34 thru_hole circle (at 2.54 -40.64 270) (size 1.7 1.7) (drill 1) (layers *.Cu *.Mask)
      (net 26 SDPWS))
    (pad 32 thru_hole circle (at 2.54 -38.1 270) (size 1.7 1.7) (drill 1) (layers *.Cu *.Mask)
      (net 27 RESERVED_B))
    (pad 30 thru_hole circle (at 2.54 -35.56 270) (size 1.7 1.7) (drill 1) (layers *.Cu *.Mask)
      (net 6 GND))
    (pad 28 thru_hole circle (at 2.54 -33.02 270) (size 1.7 1.7) (drill 1) (layers *.Cu *.Mask)
      (net 28 DSP_OUT2-))
    (pad 26 thru_hole circle (at 2.54 -30.48 270) (size 1.7 1.7) (drill 1) (layers *.Cu *.Mask)
      (net 29 VOUT2MON))
    (pad 24 thru_hole circle (at 2.54 -27.94 270) (size 1.7 1.7) (drill 1) (layers *.Cu *.Mask)
      (net 30 IOUT2MON))
    (pad 22 thru_hole circle (at 2.54 -25.4 270) (size 1.7 1.7) (drill 1) (layers *.Cu *.Mask)
      (net 7 +12VDC))
    (pad 20 thru_hole circle (at 2.54 -22.86 270) (size 1.7 1.7) (drill 1) (layers *.Cu *.Mask)
      (net 31 DSP_MUTE2))
    (pad 18 thru_hole circle (at 2.54 -20.32 270) (size 1.7 1.7) (drill 1) (layers *.Cu *.Mask)
      (net 32 -VCCMON))
    (pad 16 thru_hole circle (at 2.54 -17.78 270) (size 1.7 1.7) (drill 1) (layers *.Cu *.Mask)
      (net 33 +VCCMON))
    (pad 14 thru_hole circle (at 2.54 -15.24 270) (size 1.7 1.7) (drill 1) (layers *.Cu *.Mask)
      (net 5 -12VDC))
    (pad 12 thru_hole circle (at 2.54 -12.7 270) (size 1.7 1.7) (drill 1) (layers *.Cu *.Mask)
      (net 34 TEMPMON12))
    (pad 10 thru_hole circle (at 2.54 -10.16 270) (size 1.7 1.7) (drill 1) (layers *.Cu *.Mask)
      (net 35 PROTECT1))
    (pad 8 thru_hole circle (at 2.54 -7.62 270) (size 1.7 1.7) (drill 1) (layers *.Cu *.Mask)
      (net 6 GND))
    (pad 6 thru_hole circle (at 2.54 -5.08 270) (size 1.7 1.7) (drill 1) (layers *.Cu *.Mask)
      (net 36 DSP_OUT1+))
    (pad 4 thru_hole circle (at 2.54 -2.54 270) (size 1.7 1.7) (drill 1) (layers *.Cu *.Mask)
      (net 37 +5VDC))
    (pad 2 thru_hole circle (at 2.54 0 270) (size 1.7 1.7) (drill 1) (layers *.Cu *.Mask)
      (net 13 READY_DSP1))
    (pad 33 thru_hole circle (at 0 -40.64 270) (size 1.7 1.7) (drill 1) (layers *.Cu *.Mask)
      (net 15 READY_DSP2))
    (pad 31 thru_hole circle (at 0 -38.1 270) (size 1.7 1.7) (drill 1) (layers *.Cu *.Mask)
      (net 37 +5VDC))
    (pad 29 thru_hole circle (at 0 -35.56 270) (size 1.7 1.7) (drill 1) (layers *.Cu *.Mask)
      (net 38 DSP_OUT2+))
    (pad 27 thru_hole circle (at 0 -33.02 270) (size 1.7 1.7) (drill 1) (layers *.Cu *.Mask)
      (net 6 GND))
    (pad 25 thru_hole circle (at 0 -30.48 270) (size 1.7 1.7) (drill 1) (layers *.Cu *.Mask)
      (net 39 PROTECT2))
    (pad 23 thru_hole circle (at 0 -27.94 270) (size 1.7 1.7) (drill 1) (layers *.Cu *.Mask)
      (net 34 TEMPMON12))
    (pad 21 thru_hole circle (at 0 -25.4 270) (size 1.7 1.7) (drill 1) (layers *.Cu *.Mask)
      (net 5 -12VDC))
    (pad 19 thru_hole circle (at 0 -22.86 270) (size 1.7 1.7) (drill 1) (layers *.Cu *.Mask)
      (net 33 +VCCMON))
    (pad 17 thru_hole circle (at 0 -20.32 270) (size 1.7 1.7) (drill 1) (layers *.Cu *.Mask)
      (net 32 -VCCMON))
    (pad 15 thru_hole circle (at 0 -17.78 270) (size 1.7 1.7) (drill 1) (layers *.Cu *.Mask)
      (net 40 DSP_MUTE1))
    (pad 13 thru_hole circle (at 0 -15.24 270) (size 1.7 1.7) (drill 1) (layers *.Cu *.Mask)
      (net 7 +12VDC))
    (pad 11 thru_hole circle (at 0 -12.7 270) (size 1.7 1.7) (drill 1) (layers *.Cu *.Mask)
      (net 41 IOUT1MON))
    (pad 9 thru_hole circle (at 0 -10.16 270) (size 1.7 1.7) (drill 1) (layers *.Cu *.Mask)
      (net 42 VOUT1MON))
    (pad 7 thru_hole circle (at 0 -7.62 270) (size 1.7 1.7) (drill 1) (layers *.Cu *.Mask)
      (net 43 DSP_OUT1-))
    (pad 5 thru_hole circle (at 0 -5.08 270) (size 1.7 1.7) (drill 1) (layers *.Cu *.Mask)
      (net 6 GND))
    (pad 3 thru_hole circle (at 0 -2.54 270) (size 1.7 1.7) (drill 1) (layers *.Cu *.Mask)
      (net 44 RESERVED_A))
    (pad 1 thru_hole roundrect (at 0 0 270) (size 1.7 1.7) (drill 1) (layers *.Cu *.Mask) (roundrect_rratio 0.147059)
      (net 26 SDPWS))
    (model ${KISYS3DMOD}/Connector_IDC.3dshapes/IDC-Header_2x17_P2.54mm_Vertical.wrl
      (at (xyz 0 0 0))
      (scale (xyz 1 1 1))
      (rotate (xyz 0 0 0))
    )
  )

  (module Capacitor_SMD:C_0805_2012Metric (layer B.Cu) (tedit 5F68FEEE) (tstamp 61637E33)
    (at 74.79538 31.45282 270)
    (descr "Capacitor SMD 0805 (2012 Metric), square (rectangular) end terminal, IPC_7351 nominal, (Body size source: IPC-SM-782 page 76, https://www.pcb-3d.com/wordpress/wp-content/uploads/ipc-sm-782a_amendment_1_and_2.pdf, https://docs.google.com/spreadsheets/d/1BsfQQcO9C6DZCsRaXUlFlo91Tg2WpOkGARC1WS5S8t0/edit?usp=sharing), generated with kicad-footprint-generator")
    (tags capacitor)
    (path /604C8E92/6164730C)
    (attr smd)
    (fp_text reference C17 (at 0 1.68 90) (layer Dwgs.User)
      (effects (font (size 1 1) (thickness 0.15)) (justify mirror))
    )
    (fp_text value 0.1uF (at 0 -1.68 90) (layer B.Fab)
      (effects (font (size 1 1) (thickness 0.15)) (justify mirror))
    )
    (fp_line (start 1.7 -0.98) (end -1.7 -0.98) (layer B.CrtYd) (width 0.05))
    (fp_line (start 1.7 0.98) (end 1.7 -0.98) (layer B.CrtYd) (width 0.05))
    (fp_line (start -1.7 0.98) (end 1.7 0.98) (layer B.CrtYd) (width 0.05))
    (fp_line (start -1.7 -0.98) (end -1.7 0.98) (layer B.CrtYd) (width 0.05))
    (fp_line (start -0.261252 -0.735) (end 0.261252 -0.735) (layer B.SilkS) (width 0.12))
    (fp_line (start -0.261252 0.735) (end 0.261252 0.735) (layer B.SilkS) (width 0.12))
    (fp_line (start 1 -0.625) (end -1 -0.625) (layer B.Fab) (width 0.1))
    (fp_line (start 1 0.625) (end 1 -0.625) (layer B.Fab) (width 0.1))
    (fp_line (start -1 0.625) (end 1 0.625) (layer B.Fab) (width 0.1))
    (fp_line (start -1 -0.625) (end -1 0.625) (layer B.Fab) (width 0.1))
    (fp_text user %R (at 0 0 90) (layer B.Fab)
      (effects (font (size 0.5 0.5) (thickness 0.08)) (justify mirror))
    )
    (pad 2 smd roundrect (at 0.95 0 270) (size 1 1.45) (layers B.Cu B.Paste B.Mask) (roundrect_rratio 0.25)
      (net 8 +5V_REG))
    (pad 1 smd roundrect (at -0.95 0 270) (size 1 1.45) (layers B.Cu B.Paste B.Mask) (roundrect_rratio 0.25)
      (net 6 GND))
    (model ${KISYS3DMOD}/Capacitor_SMD.3dshapes/C_0805_2012Metric.wrl
      (at (xyz 0 0 0))
      (scale (xyz 1 1 1))
      (rotate (xyz 0 0 0))
    )
  )

  (module Capacitor_SMD:C_0805_2012Metric (layer B.Cu) (tedit 5F68FEEE) (tstamp 61637E11)
    (at 59.09056 43.00728 180)
    (descr "Capacitor SMD 0805 (2012 Metric), square (rectangular) end terminal, IPC_7351 nominal, (Body size source: IPC-SM-782 page 76, https://www.pcb-3d.com/wordpress/wp-content/uploads/ipc-sm-782a_amendment_1_and_2.pdf, https://docs.google.com/spreadsheets/d/1BsfQQcO9C6DZCsRaXUlFlo91Tg2WpOkGARC1WS5S8t0/edit?usp=sharing), generated with kicad-footprint-generator")
    (tags capacitor)
    (path /604C8E92/61C7B758)
    (attr smd)
    (fp_text reference C15 (at 0 1.68) (layer Dwgs.User)
      (effects (font (size 1 1) (thickness 0.15)) (justify mirror))
    )
    (fp_text value 0.1uF (at 0 -1.68) (layer B.Fab)
      (effects (font (size 1 1) (thickness 0.15)) (justify mirror))
    )
    (fp_line (start -1 -0.625) (end -1 0.625) (layer B.Fab) (width 0.1))
    (fp_line (start -1 0.625) (end 1 0.625) (layer B.Fab) (width 0.1))
    (fp_line (start 1 0.625) (end 1 -0.625) (layer B.Fab) (width 0.1))
    (fp_line (start 1 -0.625) (end -1 -0.625) (layer B.Fab) (width 0.1))
    (fp_line (start -0.261252 0.735) (end 0.261252 0.735) (layer B.SilkS) (width 0.12))
    (fp_line (start -0.261252 -0.735) (end 0.261252 -0.735) (layer B.SilkS) (width 0.12))
    (fp_line (start -1.7 -0.98) (end -1.7 0.98) (layer B.CrtYd) (width 0.05))
    (fp_line (start -1.7 0.98) (end 1.7 0.98) (layer B.CrtYd) (width 0.05))
    (fp_line (start 1.7 0.98) (end 1.7 -0.98) (layer B.CrtYd) (width 0.05))
    (fp_line (start 1.7 -0.98) (end -1.7 -0.98) (layer B.CrtYd) (width 0.05))
    (fp_text user %R (at 0 0) (layer B.Fab)
      (effects (font (size 0.5 0.5) (thickness 0.08)) (justify mirror))
    )
    (pad 1 smd roundrect (at -0.95 0 180) (size 1 1.45) (layers B.Cu B.Paste B.Mask) (roundrect_rratio 0.25)
      (net 6 GND))
    (pad 2 smd roundrect (at 0.95 0 180) (size 1 1.45) (layers B.Cu B.Paste B.Mask) (roundrect_rratio 0.25)
      (net 8 +5V_REG))
    (model ${KISYS3DMOD}/Capacitor_SMD.3dshapes/C_0805_2012Metric.wrl
      (at (xyz 0 0 0))
      (scale (xyz 1 1 1))
      (rotate (xyz 0 0 0))
    )
  )

  (module Package_SO:SOIC-8_3.9x4.9mm_P1.27mm (layer B.Cu) (tedit 5D9F72B1) (tstamp 6166E672)
    (at 69.71538 31.38932)
    (descr "SOIC, 8 Pin (JEDEC MS-012AA, https://www.analog.com/media/en/package-pcb-resources/package/pkg_pdf/soic_narrow-r/r_8.pdf), generated with kicad-footprint-generator ipc_gullwing_generator.py")
    (tags "SOIC SO")
    (path /604C8E92/61C62907)
    (attr smd)
    (fp_text reference U11 (at 0 3.4) (layer Dwgs.User)
      (effects (font (size 1 1) (thickness 0.15)) (justify mirror))
    )
    (fp_text value LM393 (at 0 -3.4) (layer B.Fab)
      (effects (font (size 1 1) (thickness 0.15)) (justify mirror))
    )
    (fp_line (start 0 -2.56) (end 1.95 -2.56) (layer B.SilkS) (width 0.12))
    (fp_line (start 0 -2.56) (end -1.95 -2.56) (layer B.SilkS) (width 0.12))
    (fp_line (start 0 2.56) (end 1.95 2.56) (layer B.SilkS) (width 0.12))
    (fp_line (start 0 2.56) (end -3.45 2.56) (layer B.SilkS) (width 0.12))
    (fp_line (start -0.975 2.45) (end 1.95 2.45) (layer B.Fab) (width 0.1))
    (fp_line (start 1.95 2.45) (end 1.95 -2.45) (layer B.Fab) (width 0.1))
    (fp_line (start 1.95 -2.45) (end -1.95 -2.45) (layer B.Fab) (width 0.1))
    (fp_line (start -1.95 -2.45) (end -1.95 1.475) (layer B.Fab) (width 0.1))
    (fp_line (start -1.95 1.475) (end -0.975 2.45) (layer B.Fab) (width 0.1))
    (fp_line (start -3.7 2.7) (end -3.7 -2.7) (layer B.CrtYd) (width 0.05))
    (fp_line (start -3.7 -2.7) (end 3.7 -2.7) (layer B.CrtYd) (width 0.05))
    (fp_line (start 3.7 -2.7) (end 3.7 2.7) (layer B.CrtYd) (width 0.05))
    (fp_line (start 3.7 2.7) (end -3.7 2.7) (layer B.CrtYd) (width 0.05))
    (fp_text user %R (at 0 0) (layer B.Fab)
      (effects (font (size 0.98 0.98) (thickness 0.15)) (justify mirror))
    )
    (pad 1 smd roundrect (at -2.475 1.905) (size 1.95 0.6) (layers B.Cu B.Paste B.Mask) (roundrect_rratio 0.25)
      (net 103 "Net-(U11-Pad1)"))
    (pad 2 smd roundrect (at -2.475 0.635) (size 1.95 0.6) (layers B.Cu B.Paste B.Mask) (roundrect_rratio 0.25)
      (net 101 "Net-(U11-Pad2)"))
    (pad 3 smd roundrect (at -2.475 -0.635) (size 1.95 0.6) (layers B.Cu B.Paste B.Mask) (roundrect_rratio 0.25)
      (net 72 "Net-(R33-Pad2)"))
    (pad 4 smd roundrect (at -2.475 -1.905) (size 1.95 0.6) (layers B.Cu B.Paste B.Mask) (roundrect_rratio 0.25)
      (net 6 GND))
    (pad 5 smd roundrect (at 2.475 -1.905) (size 1.95 0.6) (layers B.Cu B.Paste B.Mask) (roundrect_rratio 0.25)
      (net 73 "Net-(R34-Pad2)"))
    (pad 6 smd roundrect (at 2.475 -0.635) (size 1.95 0.6) (layers B.Cu B.Paste B.Mask) (roundrect_rratio 0.25)
      (net 101 "Net-(U11-Pad2)"))
    (pad 7 smd roundrect (at 2.475 0.635) (size 1.95 0.6) (layers B.Cu B.Paste B.Mask) (roundrect_rratio 0.25)
      (net 76 "Net-(R38-Pad2)"))
    (pad 8 smd roundrect (at 2.475 1.905) (size 1.95 0.6) (layers B.Cu B.Paste B.Mask) (roundrect_rratio 0.25)
      (net 8 +5V_REG))
    (model ${KISYS3DMOD}/Package_SO.3dshapes/SOIC-8_3.9x4.9mm_P1.27mm.wrl
      (at (xyz 0 0 0))
      (scale (xyz 1 1 1))
      (rotate (xyz 0 0 0))
    )
  )

  (module Capacitor_SMD:C_0805_2012Metric (layer B.Cu) (tedit 5F68FEEE) (tstamp 6166E639)
    (at 134.42696 38.99662)
    (descr "Capacitor SMD 0805 (2012 Metric), square (rectangular) end terminal, IPC_7351 nominal, (Body size source: IPC-SM-782 page 76, https://www.pcb-3d.com/wordpress/wp-content/uploads/ipc-sm-782a_amendment_1_and_2.pdf, https://docs.google.com/spreadsheets/d/1BsfQQcO9C6DZCsRaXUlFlo91Tg2WpOkGARC1WS5S8t0/edit?usp=sharing), generated with kicad-footprint-generator")
    (tags capacitor)
    (path /604C8E92/61A2F6B5)
    (attr smd)
    (fp_text reference C19 (at 0 1.68) (layer Dwgs.User)
      (effects (font (size 1 1) (thickness 0.15)) (justify mirror))
    )
    (fp_text value 0.1uF (at 0 -1.68) (layer B.Fab)
      (effects (font (size 1 1) (thickness 0.15)) (justify mirror))
    )
    (fp_line (start -1 -0.625) (end -1 0.625) (layer B.Fab) (width 0.1))
    (fp_line (start -1 0.625) (end 1 0.625) (layer B.Fab) (width 0.1))
    (fp_line (start 1 0.625) (end 1 -0.625) (layer B.Fab) (width 0.1))
    (fp_line (start 1 -0.625) (end -1 -0.625) (layer B.Fab) (width 0.1))
    (fp_line (start -0.261252 0.735) (end 0.261252 0.735) (layer B.SilkS) (width 0.12))
    (fp_line (start -0.261252 -0.735) (end 0.261252 -0.735) (layer B.SilkS) (width 0.12))
    (fp_line (start -1.7 -0.98) (end -1.7 0.98) (layer B.CrtYd) (width 0.05))
    (fp_line (start -1.7 0.98) (end 1.7 0.98) (layer B.CrtYd) (width 0.05))
    (fp_line (start 1.7 0.98) (end 1.7 -0.98) (layer B.CrtYd) (width 0.05))
    (fp_line (start 1.7 -0.98) (end -1.7 -0.98) (layer B.CrtYd) (width 0.05))
    (fp_text user %R (at 0 0) (layer B.Fab)
      (effects (font (size 0.5 0.5) (thickness 0.08)) (justify mirror))
    )
    (pad 1 smd roundrect (at -0.95 0) (size 1 1.45) (layers B.Cu B.Paste B.Mask) (roundrect_rratio 0.25)
      (net 6 GND))
    (pad 2 smd roundrect (at 0.95 0) (size 1 1.45) (layers B.Cu B.Paste B.Mask) (roundrect_rratio 0.25)
      (net 8 +5V_REG))
    (model ${KISYS3DMOD}/Capacitor_SMD.3dshapes/C_0805_2012Metric.wrl
      (at (xyz 0 0 0))
      (scale (xyz 1 1 1))
      (rotate (xyz 0 0 0))
    )
  )

  (module AmpModule:Trim_audio (layer B.Cu) (tedit 6163002A) (tstamp 6166BFDB)
    (at 125.6284 29.75356)
    (path /604C8E92/619F6FC0)
    (fp_text reference RV2 (at 1.27 -6.858) (layer Dwgs.User)
      (effects (font (size 1 1) (thickness 0.15)))
    )
    (fp_text value 500k (at 1.016 1.778) (layer B.Fab)
      (effects (font (size 1 1) (thickness 0.15)) (justify mirror))
    )
    (fp_line (start -0.121 -1.066) (end -0.121 -3.935) (layer B.SilkS) (width 0.12))
    (fp_line (start -0.121 -3.62) (end 3.62 -3.62) (layer B.SilkS) (width 0.12))
    (fp_line (start -0.121 -1.38) (end -0.121 -3.62) (layer B.SilkS) (width 0.12))
    (fp_line (start 3.5 -1.5) (end 0 -1.5) (layer B.Fab) (width 0.1))
    (fp_line (start 0 -5.65) (end 0 0.65) (layer B.Fab) (width 0.1))
    (fp_line (start 3.62 0.77) (end 3.62 -5.77) (layer B.SilkS) (width 0.12))
    (fp_line (start 3.75 1.1) (end -1.1 1.1) (layer B.CrtYd) (width 0.05))
    (fp_line (start 0.925 -5.77) (end 3.62 -5.77) (layer B.SilkS) (width 0.12))
    (fp_line (start 0.925 0.77) (end 3.62 0.77) (layer B.SilkS) (width 0.12))
    (fp_line (start 3.5 -3.5) (end 3.5 -1.5) (layer B.Fab) (width 0.1))
    (fp_line (start 0 -3.5) (end 3.5 -3.5) (layer B.Fab) (width 0.1))
    (fp_line (start -0.121 -1.38) (end 3.62 -1.38) (layer B.SilkS) (width 0.12))
    (fp_line (start -1.1 1.1) (end -1.1 -6.1) (layer B.CrtYd) (width 0.05))
    (fp_line (start 0 0.65) (end 3.5 0.65) (layer B.Fab) (width 0.1))
    (fp_line (start 3.5 -5.65) (end 0 -5.65) (layer B.Fab) (width 0.1))
    (fp_line (start 3.75 -6.1) (end 3.75 1.1) (layer B.CrtYd) (width 0.05))
    (fp_line (start 3.5 0.65) (end 3.5 -5.65) (layer B.Fab) (width 0.1))
    (fp_line (start 3.62 -1.38) (end 3.62 -3.62) (layer B.SilkS) (width 0.12))
    (fp_line (start 0 -1.5) (end 0 -3.5) (layer B.Fab) (width 0.1))
    (fp_line (start -1.1 -6.1) (end 3.75 -6.1) (layer B.CrtYd) (width 0.05))
    (pad 2 thru_hole circle (at 2.5 -2.5) (size 1.62 1.62) (drill 0.9) (layers *.Cu *.Mask)
      (net 108 "Net-(R43-Pad1)"))
    (pad 3 thru_hole circle (at 0 -5) (size 1.62 1.62) (drill 0.9) (layers *.Cu *.Mask)
      (net 110 "Net-(RV2-Pad3)"))
    (pad 1 thru_hole circle (at 0 0) (size 1.62 1.62) (drill 0.9) (layers *.Cu *.Mask)
      (net 8 +5V_REG))
    (model ${KIPRJMOD}/AmpModule.pretty/PT6KH.STEP
      (offset (xyz 0 -2.5 4.5))
      (scale (xyz 1 1 1))
      (rotate (xyz 90 -180 90))
    )
  )

  (module AmpModule:Trim_audio (layer B.Cu) (tedit 6163002A) (tstamp 6166E5F5)
    (at 69.0753 38.14064 180)
    (path /604C8E92/619D98A4)
    (fp_text reference RV1 (at 1.27 -6.858) (layer Dwgs.User)
      (effects (font (size 1 1) (thickness 0.15)))
    )
    (fp_text value 500k (at 1.016 1.778) (layer B.Fab)
      (effects (font (size 1 1) (thickness 0.15)) (justify mirror))
    )
    (fp_line (start -1.1 -6.1) (end 3.75 -6.1) (layer B.CrtYd) (width 0.05))
    (fp_line (start 0 -1.5) (end 0 -3.5) (layer B.Fab) (width 0.1))
    (fp_line (start 3.62 -1.38) (end 3.62 -3.62) (layer B.SilkS) (width 0.12))
    (fp_line (start 3.5 0.65) (end 3.5 -5.65) (layer B.Fab) (width 0.1))
    (fp_line (start 3.75 -6.1) (end 3.75 1.1) (layer B.CrtYd) (width 0.05))
    (fp_line (start 3.5 -5.65) (end 0 -5.65) (layer B.Fab) (width 0.1))
    (fp_line (start 0 0.65) (end 3.5 0.65) (layer B.Fab) (width 0.1))
    (fp_line (start -1.1 1.1) (end -1.1 -6.1) (layer B.CrtYd) (width 0.05))
    (fp_line (start -0.121 -1.38) (end 3.62 -1.38) (layer B.SilkS) (width 0.12))
    (fp_line (start 0 -3.5) (end 3.5 -3.5) (layer B.Fab) (width 0.1))
    (fp_line (start 3.5 -3.5) (end 3.5 -1.5) (layer B.Fab) (width 0.1))
    (fp_line (start 0.925 0.77) (end 3.62 0.77) (layer B.SilkS) (width 0.12))
    (fp_line (start 0.925 -5.77) (end 3.62 -5.77) (layer B.SilkS) (width 0.12))
    (fp_line (start 3.75 1.1) (end -1.1 1.1) (layer B.CrtYd) (width 0.05))
    (fp_line (start 3.62 0.77) (end 3.62 -5.77) (layer B.SilkS) (width 0.12))
    (fp_line (start 0 -5.65) (end 0 0.65) (layer B.Fab) (width 0.1))
    (fp_line (start 3.5 -1.5) (end 0 -1.5) (layer B.Fab) (width 0.1))
    (fp_line (start -0.121 -1.38) (end -0.121 -3.62) (layer B.SilkS) (width 0.12))
    (fp_line (start -0.121 -3.62) (end 3.62 -3.62) (layer B.SilkS) (width 0.12))
    (fp_line (start -0.121 -1.066) (end -0.121 -3.935) (layer B.SilkS) (width 0.12))
    (pad 1 thru_hole circle (at 0 0 180) (size 1.62 1.62) (drill 0.9) (layers *.Cu *.Mask)
      (net 8 +5V_REG))
    (pad 3 thru_hole circle (at 0 -5 180) (size 1.62 1.62) (drill 0.9) (layers *.Cu *.Mask)
      (net 109 "Net-(RV1-Pad3)"))
    (pad 2 thru_hole circle (at 2.5 -2.5 180) (size 1.62 1.62) (drill 0.9) (layers *.Cu *.Mask)
      (net 107 "Net-(R33-Pad1)"))
    (model ${KIPRJMOD}/AmpModule.pretty/PT6KH.STEP
      (offset (xyz 0 -2.5 4.5))
      (scale (xyz 1 1 1))
      (rotate (xyz 90 -180 90))
    )
  )

  (module Resistor_SMD:R_0805_2012Metric (layer B.Cu) (tedit 5F68FEEE) (tstamp 6166A157)
    (at 84.70646 28.45816 270)
    (descr "Resistor SMD 0805 (2012 Metric), square (rectangular) end terminal, IPC_7351 nominal, (Body size source: IPC-SM-782 page 72, https://www.pcb-3d.com/wordpress/wp-content/uploads/ipc-sm-782a_amendment_1_and_2.pdf), generated with kicad-footprint-generator")
    (tags resistor)
    (path /604C8E92/6170C071)
    (attr smd)
    (fp_text reference R38 (at 0 1.65 90) (layer Dwgs.User)
      (effects (font (size 1 1) (thickness 0.15)) (justify mirror))
    )
    (fp_text value 150 (at 0 -1.65 90) (layer B.Fab)
      (effects (font (size 1 1) (thickness 0.15)) (justify mirror))
    )
    (fp_line (start -1 -0.625) (end -1 0.625) (layer B.Fab) (width 0.1))
    (fp_line (start -1 0.625) (end 1 0.625) (layer B.Fab) (width 0.1))
    (fp_line (start 1 0.625) (end 1 -0.625) (layer B.Fab) (width 0.1))
    (fp_line (start 1 -0.625) (end -1 -0.625) (layer B.Fab) (width 0.1))
    (fp_line (start -0.227064 0.735) (end 0.227064 0.735) (layer B.SilkS) (width 0.12))
    (fp_line (start -0.227064 -0.735) (end 0.227064 -0.735) (layer B.SilkS) (width 0.12))
    (fp_line (start -1.68 -0.95) (end -1.68 0.95) (layer B.CrtYd) (width 0.05))
    (fp_line (start -1.68 0.95) (end 1.68 0.95) (layer B.CrtYd) (width 0.05))
    (fp_line (start 1.68 0.95) (end 1.68 -0.95) (layer B.CrtYd) (width 0.05))
    (fp_line (start 1.68 -0.95) (end -1.68 -0.95) (layer B.CrtYd) (width 0.05))
    (fp_text user %R (at 0 0 90) (layer B.Fab)
      (effects (font (size 0.5 0.5) (thickness 0.08)) (justify mirror))
    )
    (pad 1 smd roundrect (at -0.9125 0 270) (size 1.025 1.4) (layers B.Cu B.Paste B.Mask) (roundrect_rratio 0.243902)
      (net 18 "Net-(D6-Pad1)"))
    (pad 2 smd roundrect (at 0.9125 0 270) (size 1.025 1.4) (layers B.Cu B.Paste B.Mask) (roundrect_rratio 0.243902)
      (net 76 "Net-(R38-Pad2)"))
    (model ${KISYS3DMOD}/Resistor_SMD.3dshapes/R_0805_2012Metric.wrl
      (at (xyz 0 0 0))
      (scale (xyz 1 1 1))
      (rotate (xyz 0 0 0))
    )
  )

  (module Capacitor_SMD:C_0805_2012Metric (layer B.Cu) (tedit 5F68FEEE) (tstamp 6167A99A)
    (at 109.03458 18.60042)
    (descr "Capacitor SMD 0805 (2012 Metric), square (rectangular) end terminal, IPC_7351 nominal, (Body size source: IPC-SM-782 page 76, https://www.pcb-3d.com/wordpress/wp-content/uploads/ipc-sm-782a_amendment_1_and_2.pdf, https://docs.google.com/spreadsheets/d/1BsfQQcO9C6DZCsRaXUlFlo91Tg2WpOkGARC1WS5S8t0/edit?usp=sharing), generated with kicad-footprint-generator")
    (tags capacitor)
    (path /6182CA01)
    (attr smd)
    (fp_text reference C21 (at 0 1.68) (layer Dwgs.User)
      (effects (font (size 1 1) (thickness 0.15)) (justify mirror))
    )
    (fp_text value 0.1uF (at 0 -1.68) (layer B.Fab)
      (effects (font (size 1 1) (thickness 0.15)) (justify mirror))
    )
    (fp_line (start -1 -0.625) (end -1 0.625) (layer B.Fab) (width 0.1))
    (fp_line (start -1 0.625) (end 1 0.625) (layer B.Fab) (width 0.1))
    (fp_line (start 1 0.625) (end 1 -0.625) (layer B.Fab) (width 0.1))
    (fp_line (start 1 -0.625) (end -1 -0.625) (layer B.Fab) (width 0.1))
    (fp_line (start -0.261252 0.735) (end 0.261252 0.735) (layer B.SilkS) (width 0.12))
    (fp_line (start -0.261252 -0.735) (end 0.261252 -0.735) (layer B.SilkS) (width 0.12))
    (fp_line (start -1.7 -0.98) (end -1.7 0.98) (layer B.CrtYd) (width 0.05))
    (fp_line (start -1.7 0.98) (end 1.7 0.98) (layer B.CrtYd) (width 0.05))
    (fp_line (start 1.7 0.98) (end 1.7 -0.98) (layer B.CrtYd) (width 0.05))
    (fp_line (start 1.7 -0.98) (end -1.7 -0.98) (layer B.CrtYd) (width 0.05))
    (fp_text user %R (at 0 0) (layer B.Fab)
      (effects (font (size 0.5 0.5) (thickness 0.08)) (justify mirror))
    )
    (pad 2 smd roundrect (at 0.95 0) (size 1 1.45) (layers B.Cu B.Paste B.Mask) (roundrect_rratio 0.25)
      (net 8 +5V_REG))
    (pad 1 smd roundrect (at -0.95 0) (size 1 1.45) (layers B.Cu B.Paste B.Mask) (roundrect_rratio 0.25)
      (net 6 GND))
    (model ${KISYS3DMOD}/Capacitor_SMD.3dshapes/C_0805_2012Metric.wrl
      (at (xyz 0 0 0))
      (scale (xyz 1 1 1))
      (rotate (xyz 0 0 0))
    )
  )

  (module Resistor_SMD:R_0805_2012Metric (layer B.Cu) (tedit 5F68FEEE) (tstamp 6164B6E9)
    (at 26.38044 47.74438 180)
    (descr "Resistor SMD 0805 (2012 Metric), square (rectangular) end terminal, IPC_7351 nominal, (Body size source: IPC-SM-782 page 72, https://www.pcb-3d.com/wordpress/wp-content/uploads/ipc-sm-782a_amendment_1_and_2.pdf), generated with kicad-footprint-generator")
    (tags resistor)
    (path /606330BF)
    (attr smd)
    (fp_text reference R7 (at 0 1.65) (layer Dwgs.User)
      (effects (font (size 1 1) (thickness 0.15)) (justify mirror))
    )
    (fp_text value 1.8k (at 0 -1.65) (layer B.Fab)
      (effects (font (size 1 1) (thickness 0.15)) (justify mirror))
    )
    (fp_line (start 1.68 -0.95) (end -1.68 -0.95) (layer B.CrtYd) (width 0.05))
    (fp_line (start 1.68 0.95) (end 1.68 -0.95) (layer B.CrtYd) (width 0.05))
    (fp_line (start -1.68 0.95) (end 1.68 0.95) (layer B.CrtYd) (width 0.05))
    (fp_line (start -1.68 -0.95) (end -1.68 0.95) (layer B.CrtYd) (width 0.05))
    (fp_line (start -0.227064 -0.735) (end 0.227064 -0.735) (layer B.SilkS) (width 0.12))
    (fp_line (start -0.227064 0.735) (end 0.227064 0.735) (layer B.SilkS) (width 0.12))
    (fp_line (start 1 -0.625) (end -1 -0.625) (layer B.Fab) (width 0.1))
    (fp_line (start 1 0.625) (end 1 -0.625) (layer B.Fab) (width 0.1))
    (fp_line (start -1 0.625) (end 1 0.625) (layer B.Fab) (width 0.1))
    (fp_line (start -1 -0.625) (end -1 0.625) (layer B.Fab) (width 0.1))
    (fp_text user %R (at 0 0) (layer B.Fab)
      (effects (font (size 0.5 0.5) (thickness 0.08)) (justify mirror))
    )
    (pad 2 smd roundrect (at 0.9125 0 180) (size 1.025 1.4) (layers B.Cu B.Paste B.Mask) (roundrect_rratio 0.243902)
      (net 2 "Net-(C1-Pad2)"))
    (pad 1 smd roundrect (at -0.9125 0 180) (size 1.025 1.4) (layers B.Cu B.Paste B.Mask) (roundrect_rratio 0.243902)
      (net 6 GND))
    (model ${KISYS3DMOD}/Resistor_SMD.3dshapes/R_0805_2012Metric.wrl
      (at (xyz 0 0 0))
      (scale (xyz 1 1 1))
      (rotate (xyz 0 0 0))
    )
  )

  (module Capacitor_SMD:C_0805_2012Metric (layer B.Cu) (tedit 5F68FEEE) (tstamp 6164B4C4)
    (at 20.77974 43.10126 90)
    (descr "Capacitor SMD 0805 (2012 Metric), square (rectangular) end terminal, IPC_7351 nominal, (Body size source: IPC-SM-782 page 76, https://www.pcb-3d.com/wordpress/wp-content/uploads/ipc-sm-782a_amendment_1_and_2.pdf, https://docs.google.com/spreadsheets/d/1BsfQQcO9C6DZCsRaXUlFlo91Tg2WpOkGARC1WS5S8t0/edit?usp=sharing), generated with kicad-footprint-generator")
    (tags capacitor)
    (path /606331DC)
    (attr smd)
    (fp_text reference C1 (at 0 1.68 90) (layer Dwgs.User)
      (effects (font (size 1 1) (thickness 0.15)) (justify mirror))
    )
    (fp_text value 22p (at 0 -1.68 90) (layer B.Fab)
      (effects (font (size 1 1) (thickness 0.15)) (justify mirror))
    )
    (fp_line (start 1.7 -0.98) (end -1.7 -0.98) (layer B.CrtYd) (width 0.05))
    (fp_line (start 1.7 0.98) (end 1.7 -0.98) (layer B.CrtYd) (width 0.05))
    (fp_line (start -1.7 0.98) (end 1.7 0.98) (layer B.CrtYd) (width 0.05))
    (fp_line (start -1.7 -0.98) (end -1.7 0.98) (layer B.CrtYd) (width 0.05))
    (fp_line (start -0.261252 -0.735) (end 0.261252 -0.735) (layer B.SilkS) (width 0.12))
    (fp_line (start -0.261252 0.735) (end 0.261252 0.735) (layer B.SilkS) (width 0.12))
    (fp_line (start 1 -0.625) (end -1 -0.625) (layer B.Fab) (width 0.1))
    (fp_line (start 1 0.625) (end 1 -0.625) (layer B.Fab) (width 0.1))
    (fp_line (start -1 0.625) (end 1 0.625) (layer B.Fab) (width 0.1))
    (fp_line (start -1 -0.625) (end -1 0.625) (layer B.Fab) (width 0.1))
    (fp_text user %R (at 0 0 90) (layer B.Fab)
      (effects (font (size 0.5 0.5) (thickness 0.08)) (justify mirror))
    )
    (pad 2 smd roundrect (at 0.95 0 90) (size 1 1.45) (layers B.Cu B.Paste B.Mask) (roundrect_rratio 0.25)
      (net 2 "Net-(C1-Pad2)"))
    (pad 1 smd roundrect (at -0.95 0 90) (size 1 1.45) (layers B.Cu B.Paste B.Mask) (roundrect_rratio 0.25)
      (net 1 "Net-(C1-Pad1)"))
    (model ${KISYS3DMOD}/Capacitor_SMD.3dshapes/C_0805_2012Metric.wrl
      (at (xyz 0 0 0))
      (scale (xyz 1 1 1))
      (rotate (xyz 0 0 0))
    )
  )

  (module Capacitor_SMD:C_0805_2012Metric (layer B.Cu) (tedit 5F68FEEE) (tstamp 61637D06)
    (at 198.20382 33.6296 180)
    (descr "Capacitor SMD 0805 (2012 Metric), square (rectangular) end terminal, IPC_7351 nominal, (Body size source: IPC-SM-782 page 76, https://www.pcb-3d.com/wordpress/wp-content/uploads/ipc-sm-782a_amendment_1_and_2.pdf, https://docs.google.com/spreadsheets/d/1BsfQQcO9C6DZCsRaXUlFlo91Tg2WpOkGARC1WS5S8t0/edit?usp=sharing), generated with kicad-footprint-generator")
    (tags capacitor)
    (path /606331E9)
    (attr smd)
    (fp_text reference C2 (at 0 1.68) (layer Dwgs.User)
      (effects (font (size 1 1) (thickness 0.15)) (justify mirror))
    )
    (fp_text value 22p (at 0 -1.68) (layer B.Fab)
      (effects (font (size 1 1) (thickness 0.15)) (justify mirror))
    )
    (fp_line (start 1.7 -0.98) (end -1.7 -0.98) (layer B.CrtYd) (width 0.05))
    (fp_line (start 1.7 0.98) (end 1.7 -0.98) (layer B.CrtYd) (width 0.05))
    (fp_line (start -1.7 0.98) (end 1.7 0.98) (layer B.CrtYd) (width 0.05))
    (fp_line (start -1.7 -0.98) (end -1.7 0.98) (layer B.CrtYd) (width 0.05))
    (fp_line (start -0.261252 -0.735) (end 0.261252 -0.735) (layer B.SilkS) (width 0.12))
    (fp_line (start -0.261252 0.735) (end 0.261252 0.735) (layer B.SilkS) (width 0.12))
    (fp_line (start 1 -0.625) (end -1 -0.625) (layer B.Fab) (width 0.1))
    (fp_line (start 1 0.625) (end 1 -0.625) (layer B.Fab) (width 0.1))
    (fp_line (start -1 0.625) (end 1 0.625) (layer B.Fab) (width 0.1))
    (fp_line (start -1 -0.625) (end -1 0.625) (layer B.Fab) (width 0.1))
    (fp_text user %R (at 0 0) (layer B.Fab)
